1000 172
2000 397
3500 732
5800 1299
9500 2196
15500 3813
25000 6141
40000 10608
64000 17257
100000 25773
150000 35829
150500 36186
155000 35917
170000 43113
195000 47713
230000 58632
275000 68202
330000 86873
395000 116248
470000 129726
555000 170980
650000 187815
755000 237372
870000 272702
995000 302180
1130000 366316
1275000 407189
1420000 464044
1565000 501276
1710000 569562
1855000 605835
2000000 715154
2145000 711610
2290000 792853
2435000 875563
2580000 924908
2725000 979738
2870000 1034539
3015000 1350910
3160000 1244368
3305000 1198151
3450000 1267963
3595000 1327153
3740000 1368570
3885000 1465217
4030000 1540741
4175000 1627257
4320000 1796615
4465000 1666356
4610000 1792729
4755000 1809141
4900000 1879961
5045000 1946569
5190000 2081580
5335000 2062640
5480000 2240711
5625000 2290325
5770000 3011548
5915000 2288449
6060000 2461654
6205000 2480081
6350000 2603553
6495000 2622639
6640000 2690897
6785000 2744479
6930000 2866438
7075000 2937307
7220000 3144588
7365000 3202953
7510000 3178283
7655000 3249113
7800000 3609749
7945000 3302921
8090000 3367375
8235000 3508236
8380000 3960947
8525000 3927131
8670000 3827862
8815000 3815647
8960000 4565621
9105000 3924885
9250000 4082203
9395000 4164132
9540000 4114258
9685000 4513875
9830000 4546088
9975000 4792719
10120000 4520407
10265000 4634322
10410000 4581601
10555000 4768617
10700000 4932791
10845000 4893658
10990000 4945054
11135000 5139066
11280000 5629496
11425000 5216157
11570000 5495241
11715000 5320247
11860000 5335310
12005000 5460757
12150000 5563091
12295000 5942378
12440000 5702802
12585000 8595833
12730000 6042888
12875000 6043836
13020000 6113254
13165000 6096154
13310000 6147581
13455000 6357577
13600000 6667882
13745000 6421525
13890000 6576334
14035000 6578041
14180000 6793855
14325000 6634874
14470000 6815534
14615000 7272662
14760000 7012272
14905000 7016783
15050000 6893318
